start=1325.615958
speed=1.771561
volume=36.000000
fullscreen=yes
