start=1273.835000
pause=yes
volume=90.000000
