start=1310.643000
volume=116.000000
fullscreen=yes
