start=1279.778500
speed=1.948717
fullscreen=yes
