start=1330.537000
volume=90.000000
fullscreen=yes
