start=1335.210000
speed=1.948717
pause=yes
