start=3043.916000
pause=yes
volume=162.000000
