start=2799.463000
volume=122.000000
fullscreen=yes
