start=1335.417417
speed=1.948717
volume=86.000000
