start=1272.106400
speed=1.771561
volume=58.000000
aid=1
