start=1332.708000
speed=1.948717
