start=675.266667
speed=2.143589
pause=yes
volume=84.000000
ontop=yes
sub-pos=101
