start=1298.005000
speed=1.210000
volume=62.000000
fullscreen=yes
