start=2.168833
pause=yes
volume=24.000000
