start=1345.844000
speed=2.143589
volume=46.000000
audio-delay=-0.100000
