start=1294.584958
speed=1.100000
volume=106.000000
fullscreen=yes
