start=1231.482000
volume=130.000000
fullscreen=yes
