start=1267.933000
speed=1.331000
volume=86.000000
fullscreen=yes
