start=1236.548000
volume=104.000000
fullscreen=yes
