start=2602.809000
volume=82.000000
fullscreen=yes
