start=1240.239000
speed=1.464100
volume=84.000000
fullscreen=yes
aid=1
sid=3
