start=1246.954000
volume=158.000000
fullscreen=yes
