start=3175.208000
volume=104.000000
fullscreen=yes
