start=953.133000
volume=98.000000
