start=1375.708000
volume=158.000000
fullscreen=yes
sid=2
