start=1301.598000
speed=1.771561
pause=yes
volume=52.000000
