start=1250.624000
volume=130.000000
fullscreen=yes
