start=3150.531901
volume=108.000000
sid=8
