start=1341.300000
speed=1.771561
pause=yes
volume=106.000000
