start=1274.127000
volume=102.000000
fullscreen=yes
