start=69.778000
pause=yes
volume=66.000000
