start=1262.803000
pause=yes
volume=98.000000
