start=208.958000
volume=116.000000
fullscreen=yes
sid=7
