start=1273.210000
volume=78.000000
fullscreen=yes
