start=17.083733
speed=1.771561
pause=yes
volume=62.000000
fullscreen=yes
