start=1215.257000
speed=1.948717
volume=72.000000
fullscreen=yes
