start=1226.225000
volume=70.000000
