start=1257.298000
volume=102.000000
fullscreen=yes
