start=48.089708
pause=yes
volume=56.000000
