start=1231.522000
volume=120.000000
fullscreen=yes
