start=1282.406000
speed=1.464100
fullscreen=yes
aid=1
sid=3
