start=1366.954669
pause=yes
volume=126.000000
