start=14.666667
speed=1.948717
pause=yes
volume=130.000000
fullscreen=yes
