start=1293.168000
speed=2.143589
volume=40.000000
audio-delay=-0.500000
fullscreen=yes
