start=1320.902917
volume=66.000000
fullscreen=yes
