start=1240.948000
volume=124.000000
fullscreen=yes
