start=1243.305000
volume=88.000000
fullscreen=yes
sid=1
