start=1213.503958
speed=1.948717
volume=96.000000
fullscreen=yes
