start=1272.231000
volume=68.000000
fullscreen=yes
