start=16.016000
pause=yes
volume=108.000000
