start=1300.509000
speed=1.771561
fullscreen=yes
