start=1338.338000
speed=1.771561
volume=90.000000
