start=3397.811000
volume=118.000000
fullscreen=yes
sid=2
