start=1353.686000
speed=1.331000
pause=yes
volume=70.000000
aid=1
sid=3
