start=262.162000
volume=84.000000
fullscreen=yes
