start=1267.892000
volume=84.000000
fullscreen=yes
