start=152.507000
pause=yes
volume=34.000000
