start=1294.294000
speed=1.948717
volume=76.000000
fullscreen=yes
