start=1191.817000
speed=1.948717
volume=34.000000
fullscreen=yes
