start=1232.398000
speed=1.948717
volume=108.000000
fullscreen=yes
aid=2
sid=2
sub-ass-override=force
