start=116.266667
volume=40.000000
