start=888.200000
speed=1.948717
volume=94.000000
