start=1232.940000
volume=130.000000
fullscreen=yes
