start=1267.643000
speed=1.948717
volume=80.000000
fullscreen=yes
