start=9.166667
speed=2.357948
pause=yes
