start=1271.041000
volume=102.000000
fullscreen=yes
