start=366.992000
pause=yes
volume=106.000000
fullscreen=yes
aid=1
sid=3
