start=283.366667
speed=1.610510
pause=yes
volume=90.000000
fullscreen=yes
