start=1468.344300
volume=78.000000
fullscreen=yes
