start=336.733333
speed=1.948717
pause=yes
