start=1365.447417
speed=1.000000
volume=68.000000
fullscreen=yes
