start=682.687422
speed=2.143589
volume=34.000000
