start=1067.066000
volume=96.000000
fullscreen=yes
sid=1
