start=1259.446000
volume=86.000000
fullscreen=yes
