start=1258.883000
volume=128.000000
fullscreen=yes
