start=1305.138000
speed=1.000000
fullscreen=yes
