start=1286.912000
speed=2.143589
volume=90.000000
fullscreen=yes
