start=1227.686000
speed=1.331000
volume=82.000000
fullscreen=yes
