start=1164.121000
speed=1.771561
volume=84.000000
fullscreen=yes
