start=477.769000
pause=yes
volume=200.000000
fullscreen=yes
sid=1
