start=1254.920000
speed=1.210000
volume=98.000000
fullscreen=yes
aid=1
sid=3
