start=563.145917
speed=1.100000
fullscreen=yes
