start=1312.144000
volume=74.000000
fullscreen=yes
