start=1280.925000
volume=124.000000
fullscreen=yes
