start=1307.264000
speed=1.464100
volume=90.000000
fullscreen=yes
