start=1360.110000
volume=76.000000
fullscreen=yes
sid=1
sub-ass-override=no
