start=1368.200000
volume=112.000000
fullscreen=yes
