start=1282.197583
speed=1.210000
volume=84.000000
