start=1223.556000
speed=1.331000
volume=102.000000
fullscreen=yes
