start=1572.448411
volume=78.000000
fullscreen=yes
