start=1300.382000
speed=1.331000
fullscreen=yes
aid=1
sid=3
