start=1385.052000
volume=78.000000
fullscreen=yes
