start=783.866417
volume=32.000000
fullscreen=yes
