start=1264.701000
volume=78.000000
fullscreen=yes
