start=3023.729000
volume=130.000000
fullscreen=yes
sid=1
