start=3464.419000
volume=106.000000
fullscreen=yes
