start=1381.505000
speed=1.464100
volume=60.000000
fullscreen=yes
