start=1195.737000
speed=1.000000
fullscreen=yes
