start=182.432000
volume=58.000000
fullscreen=yes
