start=1312.895000
volume=86.000000
fullscreen=yes
