start=390.724000
speed=1.948717
pause=yes
volume=80.000000
fullscreen=yes
