start=1243.367000
volume=98.000000
fullscreen=yes
sid=1
