start=1179.262000
speed=1.464100
volume=84.000000
fullscreen=yes
