start=279.154000
speed=1.610510
volume=58.000000
fullscreen=yes
