start=1235.300733
speed=1.948717
volume=44.000000
gamma=24
