start=1277.569000
speed=1.331000
volume=88.000000
fullscreen=yes
