start=3086.791000
speed=1.000000
fullscreen=yes
