start=1205.790000
speed=1.948717
volume=54.000000
fullscreen=yes
