start=1282.636000
volume=96.000000
fullscreen=yes
