start=2820.192000
volume=96.000000
fullscreen=yes
sid=1
