start=913.539000
speed=1.210000
pause=yes
volume=84.000000
fullscreen=yes
