start=1333.107000
speed=1.331000
fullscreen=yes
