start=7723.799000
volume=112.000000
fullscreen=yes
sid=1
