start=187.729000
speed=1.610510
pause=yes
fullscreen=yes
aid=1
