start=605.588000
speed=1.100000
fullscreen=yes
