start=1309.351000
speed=1.331000
fullscreen=yes
sub-pos=104
