start=1242.205267
volume=68.000000
fullscreen=yes
