start=1323.197000
volume=126.000000
fullscreen=yes
aid=2
sid=2
