start=1293.083000
pause=yes
volume=130.000000
