start=1117.199000
pause=yes
volume=116.000000
