start=1244.577000
volume=130.000000
fullscreen=yes
