start=1519.603900
volume=90.000000
fullscreen=yes
