start=1234.066167
speed=1.771561
volume=36.000000
fullscreen=yes
