start=1226.600000
volume=66.000000
fullscreen=yes
