start=909.466667
speed=2.357948
volume=102.000000
