start=1254.796922
speed=1.610510
volume=84.000000
fullscreen=yes
