start=145.270000
speed=1.100000
fullscreen=yes
