start=374.541000
pause=yes
volume=54.000000
