start=1286.412367
speed=2.143589
volume=84.000000
fullscreen=yes
