start=1286.161000
volume=130.000000
fullscreen=yes
sid=1
sub-delay=2.400000
