start=1307.472833
speed=1.210000
volume=74.000000
