start=516.099000
speed=2.143589
pause=yes
volume=66.000000
