start=1384.592000
speed=1.610510
pause=yes
fullscreen=yes
sid=2
