start=1241.950000
speed=1.464100
volume=72.000000
fullscreen=yes
