start=1169.378000
volume=128.000000
fullscreen=yes
