start=1262.052000
pause=yes
volume=104.000000
aid=1
sid=no
