start=1251.293000
speed=1.464100
fullscreen=yes
