start=1295.633700
speed=1.948717
volume=54.000000
