start=3225.138000
volume=116.000000
fullscreen=yes
sid=2
