start=1295.315000
pause=yes
volume=74.000000
