start=1193.276000
speed=1.331000
fullscreen=yes
