start=573.949000
pause=yes
volume=96.000000
