start=653.353000
volume=102.000000
fullscreen=yes
aid=2
