start=3123.954000
volume=106.000000
fullscreen=yes
sid=2
