start=1342.972700
speed=1.464100
pause=yes
volume=74.000000
