start=119.734108
volume=80.000000
