start=1217.467000
speed=1.464100
volume=74.000000
fullscreen=yes
