start=1257.715000
volume=74.000000
fullscreen=yes
