start=378.041000
pause=yes
volume=130.000000
