start=235.694000
volume=56.000000
fullscreen=yes
