start=1228.686000
volume=130.000000
fullscreen=yes
