start=2459.958000
volume=42.000000
fullscreen=yes
