start=728.687000
speed=1.000000
pause=yes
volume=76.000000
fullscreen=yes
