start=1282.948000
volume=112.000000
fullscreen=yes
