start=1248.665000
speed=1.331000
volume=70.000000
fullscreen=yes
