start=1269.977000
speed=1.464100
volume=128.000000
fullscreen=yes
gamma=1
aid=1
sid=3
