start=1227.852000
volume=102.000000
fullscreen=yes
