start=1192.400000
pause=yes
volume=78.000000
sid=2
