start=1263.304000
speed=1.464100
fullscreen=yes
