start=532.281750
speed=1.000000
fullscreen=yes
