start=1233.525000
volume=130.000000
fullscreen=yes
sid=1
