start=1189.522000
speed=1.331000
volume=68.000000
fullscreen=yes
