start=1221.053000
speed=2.143589
volume=72.000000
fullscreen=yes
