start=1308.766000
speed=2.143589
fullscreen=yes
