start=30.933333
speed=1.948717
pause=yes
volume=130.000000
fullscreen=yes
