start=2767.473000
volume=74.000000
fullscreen=yes
sid=2
