start=358.959000
speed=2.357948
volume=106.000000
fullscreen=yes
