start=1217.009000
volume=150.000000
fullscreen=yes
