start=1327.284000
speed=1.331000
volume=86.000000
fullscreen=yes
aid=1
sid=3
