start=1188.979000
volume=92.000000
fullscreen=yes
