start=1371.287000
speed=1.610510
fullscreen=yes
sid=4
