start=1245.953000
speed=1.948717
fullscreen=yes
