start=1041.667000
speed=1.464100
volume=98.000000
