start=1271.020000
volume=74.000000
fullscreen=yes
