start=1218.760000
speed=2.143589
volume=94.000000
fullscreen=yes
