start=1245.245000
speed=2.143589
fullscreen=yes
