start=3959.434000
speed=2.143589
volume=130.000000
fullscreen=yes
aid=1
