start=2047.128000
pause=yes
volume=72.000000
fullscreen=yes
aid=2
