start=1058.646711
speed=2.143589
volume=80.000000
fullscreen=yes
