start=1262.803000
speed=1.000000
volume=54.000000
fullscreen=yes
