start=1024.315000
speed=1.331000
pause=yes
volume=64.000000
fullscreen=yes
sid=2
