start=1231.814000
volume=96.000000
fullscreen=yes
