start=1257.714000
speed=1.771561
volume=78.000000
fullscreen=yes
