start=1730.547000
volume=74.000000
