start=384.166667
speed=1.610510
pause=yes
volume=102.000000
