start=1269.853000
volume=128.000000
fullscreen=yes
sid=1
