start=1258.507000
speed=2.143589
volume=76.000000
fullscreen=yes
