start=1330.539000
speed=2.143589
volume=54.000000
