start=1311.685000
speed=1.771561
volume=94.000000
