start=2644.559000
volume=98.000000
fullscreen=yes
