start=1287.786000
speed=1.610510
volume=118.000000
fullscreen=yes
aid=2
sid=2
