start=1251.938000
volume=130.000000
fullscreen=yes
