start=243.118000
speed=1.948717
volume=52.000000
fullscreen=yes
