start=1234.693000
speed=2.143589
volume=72.000000
fullscreen=yes
