start=1283.512000
volume=116.000000
fullscreen=yes
