start=1292.167000
speed=1.100000
volume=54.000000
fullscreen=yes
