start=560.600000
speed=1.771561
fullscreen=yes
