start=1203.704000
speed=1.464100
volume=62.000000
fullscreen=yes
