start=1252.710000
speed=1.331000
volume=86.000000
fullscreen=yes
