start=1185.310000
speed=2.143589
volume=52.000000
