start=449.533333
speed=1.948717
pause=yes
