start=208.291417
speed=1.948717
pause=yes
volume=84.000000
fullscreen=yes
