start=173.941000
volume=118.000000
fullscreen=yes
