start=1237.319000
speed=1.948717
volume=70.000000
fullscreen=yes
sid=4
