start=180.100000
speed=1.771561
volume=112.000000
fullscreen=yes
