start=9632.792000
volume=128.000000
fullscreen=yes
sid=1
