start=125.205000
volume=60.000000
fullscreen=yes
