start=1309.141167
speed=1.000000
fullscreen=yes
