speed=2.143589
pause=yes
volume=56.000000
