start=1368.200000
speed=1.464100
pause=yes
volume=112.000000
aid=1
sid=1
