start=1303.969000
speed=2.143589
volume=84.000000
fullscreen=yes
