start=528.933333
speed=1.610510
volume=84.000000
fullscreen=yes
