start=1283.742000
speed=1.771561
sub-pos=101
