start=2472.240000
volume=118.000000
fullscreen=yes
