start=1296.380000
speed=2.143589
pause=yes
volume=52.000000
