start=1258.674000
speed=1.331000
volume=64.000000
fullscreen=yes
