start=1227.727000
volume=114.000000
fullscreen=yes
