start=7647.375000
volume=86.000000
fullscreen=yes
