start=1240.656000
speed=1.210000
volume=60.000000
fullscreen=yes
