start=99.349000
pause=yes
volume=76.000000
