start=1258.215000
speed=1.610510
volume=102.000000
fullscreen=yes
