start=1350.642000
speed=1.948717
pause=yes
volume=106.000000
