start=1278.570000
volume=96.000000
fullscreen=yes
