start=1335.584250
speed=1.771561
fullscreen=yes
