start=1256.507467
speed=1.948717
volume=48.000000
fullscreen=yes
