start=1169.043000
speed=1.210000
volume=74.000000
fullscreen=yes
