start=1335.419000
speed=1.948717
volume=78.000000
fullscreen=yes
