speed=1.948717
volume=124.000000
