start=339.422000
volume=58.000000
fullscreen=yes
