start=1282.787522
volume=98.000000
fullscreen=yes
