start=2768.057000
volume=120.000000
fullscreen=yes
