start=1325.074000
speed=1.610510
aid=2
sid=2
