start=1173.300000
volume=80.000000
fullscreen=yes
