start=2657.738000
volume=122.000000
fullscreen=yes
sid=1
