start=1205.789000
speed=2.143589
volume=84.000000
fullscreen=yes
