start=1226.433542
speed=2.143589
volume=34.000000
fullscreen=yes
