start=1246.036000
speed=1.610510
volume=130.000000
fullscreen=yes
