start=1299.674000
speed=1.000000
volume=72.000000
fullscreen=yes
