start=1287.205000
speed=1.610510
volume=78.000000
fullscreen=yes
