start=1255.108000
volume=104.000000
fullscreen=yes
