start=1041.240000
volume=84.000000
sid=1
