start=1268.609333
speed=1.610510
fullscreen=yes
