start=1201.909042
speed=2.143589
volume=66.000000
fullscreen=yes
