start=1286.952333
speed=1.000000
volume=120.000000
fullscreen=yes
