start=1180.179000
speed=1.610510
volume=56.000000
fullscreen=yes
