start=1146.104000
speed=1.464100
volume=70.000000
