start=1309.295944
speed=1.771561
volume=20.000000
fullscreen=yes
gamma=18
