start=1279.697322
speed=2.143589
volume=50.000000
fullscreen=yes
