start=2796.418000
volume=130.000000
fullscreen=yes
sid=1
