start=1263.595000
volume=104.000000
fullscreen=yes
