start=1242.910000
speed=1.000000
fullscreen=yes
