start=2795.418000
volume=110.000000
fullscreen=yes
sid=2
