start=1270.102000
speed=1.331000
volume=110.000000
fullscreen=yes
aid=1
sid=3
