start=1285.450000
speed=1.210000
volume=54.000000
fullscreen=yes
