start=93.343000
pause=yes
volume=68.000000
sid=2
