start=1343.927000
speed=1.948717
pause=yes
volume=80.000000
