start=1240.531000
speed=1.948717
volume=74.000000
fullscreen=yes
