start=1284.868000
speed=1.331000
volume=56.000000
fullscreen=yes
