start=984.900000
fullscreen=yes
panscan=0.100000
