start=1259.425000
pause=yes
volume=86.000000
