start=1192.191000
volume=78.000000
fullscreen=yes
