start=1222.431000
audio-delay=-0.300000
fullscreen=yes
