start=1280.614000
speed=1.610510
fullscreen=yes
