start=2962.993000
volume=66.000000
fullscreen=yes
