start=1229.897000
volume=152.000000
fullscreen=yes
