start=1313.854208
speed=1.210000
pause=yes
