start=2845.343000
volume=86.000000
fullscreen=yes
gamma=15
sid=1
