start=1336.295000
speed=1.610510
pause=yes
volume=82.000000
