start=1360.986000
speed=1.331000
pause=yes
volume=62.000000
