start=633.800000
pause=yes
volume=54.000000
fullscreen=yes
sid=1
