start=3160.699000
volume=82.000000
fullscreen=yes
