start=1277.339000
volume=98.000000
fullscreen=yes
