start=1278.277000
speed=1.464100
volume=84.000000
fullscreen=yes
aid=1
sid=3
