start=1369.951917
speed=1.331000
volume=70.000000
fullscreen=yes
