start=1262.221000
volume=72.000000
fullscreen=yes
