start=268.143000
speed=1.464100
volume=60.000000
fullscreen=yes
