start=583.966667
speed=2.143589
volume=130.000000
sub-visibility=no
