start=307.808000
speed=1.210000
fullscreen=yes
