start=1293.377000
pause=yes
volume=128.000000
