start=1288.621000
speed=2.143589
volume=72.000000
fullscreen=yes
