start=2387.346000
speed=1.610510
volume=94.000000
fullscreen=yes
