start=2544.876000
volume=114.000000
fullscreen=yes
