start=208.083000
speed=1.771561
volume=58.000000
fullscreen=yes
