start=1215.131000
volume=126.000000
fullscreen=yes
sid=1
