start=1299.550000
speed=1.610510
fullscreen=yes
