start=906.072000
pause=yes
volume=98.000000
sid=1
