start=2975.000000
volume=64.000000
fullscreen=yes
sid=8
