start=1319.319000
speed=1.948717
volume=66.000000
fullscreen=yes
