start=6499.368000
volume=90.000000
fullscreen=yes
sid=1
