start=676.051000
speed=2.143589
pause=yes
volume=62.000000
