start=361.903000
volume=68.000000
fullscreen=yes
