start=1164.830333
speed=1.771561
volume=60.000000
fullscreen=yes
