start=1338.714000
speed=1.464100
volume=56.000000
fullscreen=yes
