start=1294.376000
speed=1.771561
audio-delay=-0.200000
fullscreen=yes
