start=1334.250000
speed=1.771561
volume=48.000000
fullscreen=yes
