start=1258.759722
speed=1.948717
fullscreen=yes
