start=1315.439000
speed=1.948717
volume=68.000000
fullscreen=yes
