start=313.939000
speed=1.464100
pause=yes
volume=70.000000
