start=1291.978000
volume=98.000000
fullscreen=yes
