start=686.644000
speed=1.610510
volume=60.000000
fullscreen=yes
saturation=2
sid=1
