start=1338.881000
speed=1.948717
pause=yes
