start=4899.603000
volume=94.000000
fullscreen=yes
