start=1164.413250
volume=90.000000
fullscreen=yes
