start=196.071000
volume=120.000000
fullscreen=yes
