start=5.714000
pause=yes
volume=32.000000
