start=8646.720000
pause=yes
volume=130.000000
aid=1
