start=1253.919000
pause=yes
volume=90.000000
sid=1
sub-visibility=no
