start=250.792000
speed=1.948717
volume=58.000000
fullscreen=yes
