start=1255.296000
volume=44.000000
fullscreen=yes
