start=1184.825000
speed=2.143589
pause=yes
volume=108.000000
fullscreen=yes
