start=1295.106000
pause=yes
volume=78.000000
