start=1239.490000
volume=130.000000
fullscreen=yes
brightness=1
sid=1
