start=1238.717000
volume=94.000000
fullscreen=yes
