start=1187.437000
speed=2.143589
fullscreen=yes
