start=1172.463000
pause=yes
volume=124.000000
