start=1415.415000
speed=1.331000
fullscreen=yes
