start=1277.818000
volume=76.000000
fullscreen=yes
