speed=1.948717
pause=yes
volume=64.000000
