start=1730.145000
volume=80.000000
fullscreen=yes
