start=1263.137000
speed=1.464100
pause=yes
volume=98.000000
fullscreen=yes
