start=1283.371433
speed=2.143589
volume=94.000000
fullscreen=yes
