start=1241.219000
volume=70.000000
fullscreen=yes
