start=1269.520000
pause=yes
volume=114.000000
sid=1
