start=1226.559000
speed=2.143589
volume=60.000000
fullscreen=yes
