start=150.433333
speed=1.948717
pause=yes
volume=78.000000
