start=1358.315000
volume=98.000000
fullscreen=yes
