start=1300.090000
volume=68.000000
fullscreen=yes
aid=1
sid=3
