start=1328.495000
speed=2.143589
volume=82.000000
fullscreen=yes
