start=1428.218000
speed=1.464100
fullscreen=yes
sid=1
