start=571.196000
speed=1.464100
pause=yes
volume=120.000000
saturation=1
aid=1
sid=3
