start=1651.024000
volume=106.000000
fullscreen=yes
