start=1314.355000
speed=1.948717
fullscreen=yes
