start=2396.310000
volume=122.000000
fullscreen=yes
aid=2
sid=2
