start=1282.823000
speed=1.000000
fullscreen=yes
sid=1
