start=1265.598000
pause=yes
volume=130.000000
