start=871.800000
speed=2.143589
volume=98.000000
