start=977.966667
speed=1.771561
volume=78.000000
