start=1035.333333
speed=1.948717
volume=118.000000
fullscreen=yes
