start=1336.841578
speed=1.948717
volume=34.000000
fullscreen=yes
