start=14.805000
speed=1.771561
pause=yes
volume=120.000000
