start=1276.875000
pause=yes
volume=96.000000
aid=1
