start=935.268000
speed=1.610510
pause=yes
volume=60.000000
