start=1167.209000
speed=1.210000
fullscreen=yes
