start=1190.732000
speed=1.464100
volume=96.000000
fullscreen=yes
