start=1348.557844
speed=1.610510
volume=56.000000
fullscreen=yes
