start=1273.524478
speed=2.143589
volume=60.000000
fullscreen=yes
