start=1407.453856
speed=1.000000
volume=46.000000
