start=1238.028000
speed=2.143589
volume=52.000000
fullscreen=yes
