start=1122.601000
pause=yes
volume=98.000000
