start=2691.731000
speed=1.100000
pause=yes
