start=323.615000
volume=48.000000
fullscreen=yes
