start=1317.565250
volume=52.000000
fullscreen=yes
