start=1014.889000
speed=1.948717
pause=yes
volume=60.000000
audio-delay=-0.600000
fullscreen=yes
