start=0.376333
pause=yes
volume=62.000000
