start=1288.892000
volume=112.000000
fullscreen=yes
