start=1242.866625
speed=2.143589
fullscreen=yes
