start=1400.024000
speed=1.331000
fullscreen=yes
