start=1052.542000
volume=110.000000
fullscreen=yes
sid=1
