start=1226.309000
speed=1.771561
volume=58.000000
