start=1427.843000
volume=54.000000
fullscreen=yes
