start=1245.035000
speed=2.143589
volume=86.000000
fullscreen=yes
