start=1267.433000
volume=112.000000
fullscreen=yes
