start=1309.142000
volume=82.000000
fullscreen=yes
sid=1
