start=1312.896000
speed=1.610510
pause=yes
volume=68.000000
fullscreen=yes
