start=1240.802000
volume=90.000000
fullscreen=yes
sid=1
