start=1315.232000
speed=1.331000
volume=72.000000
fullscreen=yes
