start=1315.315000
speed=1.464100
pause=yes
volume=130.000000
fullscreen=yes
