start=1261.134000
volume=60.000000
fullscreen=yes
