start=1270.957000
volume=90.000000
fullscreen=yes
