start=35.033333
speed=1.771561
pause=yes
