start=3069.917000
volume=114.000000
fullscreen=yes
