start=1407.950000
speed=2.143589
volume=60.000000
fullscreen=yes
