start=4.838000
pause=yes
volume=62.000000
