start=429.162628
pause=yes
volume=130.000000
