start=1215.673000
speed=2.143589
volume=98.000000
fullscreen=yes
