start=1297.921625
speed=1.771561
volume=58.000000
fullscreen=yes
