start=1397.396000
volume=64.000000
fullscreen=yes
