start=28.480000
pause=yes
volume=44.000000
