start=1267.099000
speed=1.948717
volume=88.000000
fullscreen=yes
