start=106.815000
pause=yes
volume=102.000000
sid=1
