start=1227.518000
volume=162.000000
fullscreen=yes
