speed=1.948717
volume=52.000000
