start=3265.804000
pause=yes
volume=118.000000
