start=359.933333
speed=1.948717
volume=82.000000
fullscreen=yes
