start=1276.817208
speed=1.464100
volume=106.000000
fullscreen=yes
