start=1265.264000
speed=1.464100
volume=130.000000
fullscreen=yes
aid=1
sid=3
