start=1292.124000
pause=yes
volume=158.000000
