start=1310.684000
speed=2.143589
volume=106.000000
fullscreen=yes
