start=747.915000
speed=2.143589
pause=yes
volume=66.000000
fullscreen=yes
