start=1231.398000
speed=1.000000
volume=52.000000
fullscreen=yes
