start=1264.910000
volume=94.000000
fullscreen=yes
