start=2470.677000
volume=112.000000
fullscreen=yes
sid=1
