start=1286.910625
volume=92.000000
fullscreen=yes
