start=1235.609000
speed=1.771561
volume=86.000000
fullscreen=yes
