start=1328.912000
speed=1.331000
pause=yes
volume=74.000000
