start=1293.625667
speed=1.210000
