start=1319.026000
speed=1.210000
pause=yes
volume=46.000000
fullscreen=yes
aid=1
sid=1
