start=1303.928000
speed=2.143589
pause=yes
volume=82.000000
fullscreen=yes
