start=1287.913000
speed=1.000000
pause=yes
volume=80.000000
