start=1277.088000
volume=126.000000
fullscreen=yes
