start=450.576000
pause=yes
volume=78.000000
