start=555.933333
speed=1.771561
volume=112.000000
fullscreen=yes
