start=1188.562000
speed=1.610510
