start=1340.589000
speed=1.210000
pause=yes
volume=60.000000
