start=6898.475000
volume=60.000000
fullscreen=yes
aid=1
sid=1
