start=1288.454000
speed=2.143589
fullscreen=yes
