start=1254.167000
volume=94.000000
fullscreen=yes
sid=1
