start=1213.131000
volume=102.000000
fullscreen=yes
