start=1411.701958
speed=1.000000
volume=72.000000
fullscreen=yes
