start=1250.566000
speed=1.610510
pause=yes
