start=1260.302000
speed=1.000000
volume=126.000000
fullscreen=yes
