start=1151.525375
speed=2.143589
volume=104.000000
fullscreen=yes
