start=1268.205000
volume=102.000000
fullscreen=yes
