start=299.875000
volume=110.000000
fullscreen=yes
