start=1340.219956
speed=1.771561
pause=yes
volume=88.000000
fullscreen=yes
