start=1228.769000
volume=116.000000
fullscreen=yes
