start=1248.205000
speed=1.331000
volume=88.000000
fullscreen=yes
