start=1245.035000
volume=138.000000
fullscreen=yes
