start=1235.384244
speed=1.771561
volume=82.000000
fullscreen=yes
saturation=-2
