start=1302.636000
speed=0.826446
volume=98.000000
fullscreen=yes
