start=1421.503000
speed=1.210000
volume=52.000000
fullscreen=yes
