start=1206.371333
speed=1.610510
fullscreen=yes
