start=34.993000
speed=1.000000
pause=yes
volume=94.000000
