start=155.489000
speed=1.610510
pause=yes
volume=68.000000
