start=1224.661000
volume=104.000000
fullscreen=yes
