start=1234.651000
speed=1.000000
volume=66.000000
fullscreen=yes
