start=1220.553000
speed=1.771561
volume=88.000000
fullscreen=yes
