start=742.125000
pause=yes
volume=130.000000
sid=1
