start=1251.542000
speed=1.210000
volume=102.000000
fullscreen=yes
aid=1
sid=3
