start=328.912000
volume=64.000000
fullscreen=yes
