start=1224.598000
speed=2.357948
volume=98.000000
fullscreen=yes
