start=1318.942625
speed=1.771561
pause=yes
volume=86.000000
fullscreen=yes
